34382
38648
33421
34186
39936
39702
33054
37548
39321
38239
38481
37373
32876
32163
38722
32675
32710
38257
36685
36421
35202
36711
34796
35174
37867
34896
32519
38706
32557
35882
34491
32671
36221
36673
35859
32440
34720
35712
39884
36691
38549
32586
32919
36021
33537
33964
36909
39711
32627
37146
32649
33982
39973
32584
36911
32598
37462
37788
38362
36708
38632
36626
36503
33691
36763
39074
34264
36803
33949
35839
33935
34531
32774
33101
33703
36265
33460
36697
32743
34043
33967
36908
33890
37513
32157
33491
35913
39774
37475
36211
37639
32677
36146
34366
32555
33667
33577
36330
34221
36492
33099
35527
34319
39313
35993
32809
32690
33082
32315
33810
30511
34121
38635
37110
34005
35516
39700
39839
35433
36609
36622
36656
35867
39469
39738
39336
33926
39994
33063
39440
33623
39323
34779
32602
32740
34939
32689
35860
32479
38278
39285
36225
38066
34925
33083
36113
36173
39602
38724
34471
30528
36675
36686
39969
37645
33944
32532
32783
33615
34597
36287
34345
34959
32813
34680
39381
38181
39504
32775
35128
36827
39166
35501
33698
33957
36024
38171
34510
32662
33107
39448
37107
33548
38406
35591
36262
35698
34129
36026
35265
33671
34298
38853
36695
39601
33886
39594
33697
38777
38188
33183
35163
32444
34745
37238
37088
35350
39129
39522
38721
33080
35286
38887
35048
32261
37986
38736
32605
36666
32553
38783
38780
39755
33704
34120
33598
35703
35045
33513
35455
34002
38685
38261
32545
39609
37928
39341
39900
37651
39933
37229
32752
35622
34752
33972
34893
34114
32437
33341
38656
33619
37540
36387
39678
35970
33595
31998
34879
38869
32667
38819
35565
32877
32746
37485
39596
34317
35276
38121
38327
33118
33760
33638
38074
33811
38982
38972
34373
33120
33555
35352
38903
37187
34955
34130
37079
35478
36178
36075
33490
33070
38269
38596
35523
31743
33604
30297
35910
33572
37224
32884
32588
34891
36235
36688
38614
39583
38978
39086
33531
33489
34762
32771
38330
33534
38288
39854
35917
33668
36258
34403
34937
39889
33635
39109
32684
36556
36324
34952
33699
34034
33093
39188
35629
33133
37469
34637
33883
32669
39115
39061
39598
33041
35375
38297
35541
39126
36616
38137
33680
32569
39907
37439
32591
38136
33679
33143
36273
39976
38063
36710
33129
33754
32651
32708
34235
36290
39394
38885
38996
34397
37396
35713
39519
38464
34921
33970
35435
34321
39342
38710
37233
33533
33121
38536
32729
36414
32648
32704
33482
37319
37087
39320
39603
36022
38395
39666
33095
33673
38182
32761
38986
33282
38241
36672
33047
32705
39213
39824
33563
37963
32780
37091
39493
37114
38994
33578
32765
39922
36658
32717
35500
36713
35358
38295
38197
33712
35811
35589
38440
33875
39005
39367
39703
36106
35316
32728
33674
33569
36352
30053
37084
38901
37203
33602
33882
37554
30534
38516
38152
36674
33507
35409
36028
32078
39945
38060
38817
39378
32637
35854
36671
39843
35179
36905
38850
38165
35188
32438
33655
34016
33558
38323
38255
33116
39620
33656
34398
34126
37532
38071
36912
38539
39460
39182
36724
34405
38189
32550
38900
35619
36625
35534
37498
39329
39862
33975
34109
39317
39707
33983
36875
39496
39923
35761
32380
33502
38625
36327
33138
32723
32880
39216
39096
38235
39125
35812
34184
34028
39357
32891
36185
33876
32613
34578
35921
32509
35345
39487
31722
32657
33690
34035
37501
32785
32630
34248
35862
30965
34735
38872
39364
32881
33049
35420
32770
35440
32758
32724
34873
33090
37545
35267
39387
38413
38076
35518
36391
39739
37877
34673
38457
36491
35776
35439
39263
36648
35404
38051
34899
37861
39869
39913
31582
38424
34508
36217
37207
37368
37460
35353
39117
33147
38535
38150
32483
34533
33947
35920
35339
39396
32678
31269
39197
39223
34049
31222
34540
33114
34897
38741
35700
32702
35556
32841
36712
36328
38654
38392
35804
33479
36234
36064
37395
38897
37214
33492
36020
33720
35263
34638
34808
39967
33181
36992
33527
32623
33610
39926
32680
37077
34744
35032
39667
33152
39671
35886
30903
32682
33956
38857
31930
38077
37379
36536
32488
39872
35052
38714
39940
33696
33174
39828
35268
34945
33643
34941
35253
35428
36902
38979
39517
37870
37108
38830
38841
39232
35894
35217
39191
38834
35750
32668
36456
37499
33115
33966
32720
39944
36239
39391
30043
39903
39102
38964
30704
37482
35255
34113
39002
37291
35064
32581
38072
38166
33631
36991
38434
35030
34583
38306
33108
32487
36701
34123
38826
39930
33544
32593
33583
33313
35989
38571
39893
37215
35673
36025
36335
34097
33759
39938
33813
34404
38818
39235
38894
34546
35038
35456
32514
32760
37484
39509
35842
37149
36428
36615
33477
39006
35342
35351
35635
39502
37688
37854
33035
33713
33538
36628
35531
36385
36476
33189
33153
35706
39934
39508
39226
34628
34690
36856
38191
37932
33521
35165
34527
39847
35438
33588
36549
33510
39846
36833
32722
38756
37384
30755
38139
33943
38065
39725
37802
34331
39268
39108
34973
39363
32653
35479
39222
36957
38325
34251
37547
33600
39586
32621
33948
37098
33269
33525
37678
35720
37667
33648
38862
36058
31174
39330
32764
34360
35266
37851
38873
37326
32685
33809
36729
31262
34895
35162
39662
39848
31532
38267
37875
33621
35714
32449
33061
38064
33140
39781
35924
33055
34011
34926
35752
38637
38895
33700
34773
39894
34751
39356
33573
30671
33472
35066
36011
33893
35819
33019
38574
37397
35465
33162
36096
38744
35940
36280
33239
39119
38397
33135
38425
39348
38179
36213
34563
37222
35584
33501
39621
32714
31407
39230
36099
37908
34761
32747
33424
36540
36227
34385
37553
37543
32736
36541
39516
37371
34381
37774
30075
37459
37083
39856
38890
39319
32507
39529
38624
39369
38871
36289
39212
39796
39553
31544
32641
36012
38747
35207
32526
35612
39904
32608
31495
39257
39890
33980
38132
34529
38638
38881
39379
37364
32513
38737
35723
38822
34961
33945
35588
39453
35919
35929
39211
38665
33165
35579
33565
36633
33614
32749
33067
33941
32993
38976
37392
37159
34953
33934
35675
39489
39612
36886
34641
37154
34362
37094
38185
35407
33504
33616
36460
37390
39195
34623
32697
38935
36667
37081
33126
33145
34960
33012
39886
39253
39016
39013
33998
38838
32674
34325
35577
33676
39311
34337
36223
36101
33627
34332
33930
38414
39351
37442
39865
35778
36964
31665
39696
35498
39354
36636
39849
33163
34854
39735
38866
33651
33566
31128
35702
30094
37505
33751
36426
38432
38729
33511
34685
32617
33804
35512
35357
39385
32564
33071
32481
37809
36046
36092
39337
33987
39880
36430
36661
34907
35493
32887
38415
32878
39376
39811
38317
39254
35107
32631
38318
36094
39870
35909
37426
34393
39747
38619
37697
38959
35459
32592
30303
34000
35049
38183
37978
34882
38326
32571
33127
32465
35639
32886
38658
36077
35166
35338
35648
31484
36654
34329
34192
35682
34116
36668
34428
33068
39343
36228
36336
36664
33158
39290
33498
33932
33541
36531
39830
39506
34943
35585
38647
33535
35715
32739
39715
38837
33701
35062
32486
39310
35258
39909
35676
39713
38955
32716
33085
35380
39939
32874
39205
32597
34336
39455
38641
35371
35461
35927
36231
32497
37869
35494
34048
33984
33978
38757
39764
37220
37230
32715
34244
39625
33562
34386
34776
33584
38441
39476
39692
34214
34396
39852
32778
38739
38329
33128
37866
32767
38286
32556
38408
37167
35296
36917
37562
32576
37457
39007
35996
39605
35058
39018
36597
38426
32636
38437
38277
36323
36647
33069
35063
30486
34929
35497
39689
32504
32727
35346
33109
33167
32694
32733
36147
37960
37474
36089
30729
32493
32523
39853
36458
32505
34502
34038
33592
36161
38719
34748
38859
37934
39590
32448
38523
36067
38532
33288
33072
36488
33518
36611
34900
33603
34747
34534
35759
33084
34042
30157
34383
36389
36777
35426
33178
34738
37178
38511
39931
34950
34353
39118
38541
35437
36069
38315
32766
32496
33053
37556
35709
38399
39604
35590
32642
39347
38314
33459
35912
33986
39704
33942
39928
34709
38254
38852
38856
38538
37822
34526
35376
38899
37477
38260
36450
37864
33791
35269
37503
39452
34930
36037
39888
32561
36610
32703
32663
35710
32490
33954
33974
32494
34771
33709
35827
39063
34326
38621
38307
35095
39679
38749
38630
33059
38148
33110
36098
39868
34199
34010
34357
34501
34323
38754
38056
33161
38419
36570
33881
36201
38954
38073
32676
38617
32517
33707
37464
33630
36635
36562
33150
38161
33112
34399
39867
31626
36425
35204
39911
37863
38865
35470
38308
32707
37925
35967
35303
38733
39563
35496
39333
35244
34957
36164
37472
38525
35845
33633
35948
33043
39106
39511
33119
38190
39204
32789
36417
39684
30201
39495
35822
32719
33985
37538
38965
39377
33170
34075
32725
33508
39498
38423
37673
39380
34770
33818
33802
32565
38723
32609
31428
37917
36994
39918
39210
33596
37092
38886
39215
32570
32862
32693
30329
32695
33756
34643
39500
36796
37398
36237
37856
34878
32650
32691
33458
30876
34171
30614
39184
32293
36014
37095
36255
39008
37537
34289
36588
36285
36736
39497
33560
36689
35800
39422
35926
35733
39123
37181
36993
38662
33724
39374
39359
36079
34256
34621
35809
32756
33664
34044
32698
37683
33471
36068
39067
39512
38861
37853
39997
34931
39823
38178
35701
35580
35016
31611
38661
39499
35462
38515
34118
33144
36282
35599
34354
34740
38058
37539
37786
38971
34356
37302
35817
33547
39681
38839
34369
30691
39896
33805
32554
36824
36066
33062
39610
37528
33929
38863
37835
32696
35485
38690
39836
33528
35160
39361
36915
31573
34406
36624
35262
34007
33561
34942
35581
38709
34418
35085
32529
36916
37862
33617
35423
34376
36206
35424
32071
38225
38275
36038
38219
33607
38279
36010
33111
33803
34728
37884
39921
38311
34936
32471
31954
36758
38537
39619
37890
36532
35084
39622
37855
34573
32745
32888
34390
37507
33499
33132
36657
33468
32607
33618
32769
38599
35283
33608
39170
37680
36698
33762
38134
34414
33328
37846
37213
30656
35533
38797
37393
38928
33613
34474
38007
32379
36215
39346
37684
35747
35689
33652
38531
35707
34255
33599
37394
32434
33591
39488
33473
37367
39644
38436
36630
36072
36018
30482
32768
35962
35914
37510
39214
34324
37228
33582
32670
38417
33066
35814
39686
36093
33179
36969
33694
32787
39113
37288
39314
36203
39282
35161
32596
34687
36506
36209
32628
38067
39103
35451
38186
34659
36535
37310
35823
38753
39190
33570
36906
33649
37179
34528
36513
32790
35425
39915
32700
32850
39389
33559
33711
38999
32762
34636
35820
35489
39942
33636
33952
37468
35214
35699
39505
35414
33046
33716
39481
35468
34201
33430
32837
39882
34835
35721
38589
38642
39009
39050
33432
36078
33878
34391
39382
38645
35460
34191
38155
37979
39558
33386
35582
39834
34668
33586
33539
32610
32665
35349
33470
34119
33515
38488
34765
32491
37115
32763
33685
39345
34580
35553
36392
36665
34182
38427
34991
35186
39220
35070
32734
32615
39328
39841
33088
33463
38988
37502
38833
39366
36730
39105
36076
38860
33758
36394
32782
39919
35745
37534
30387
34234
35749
38283
34003
39970
34408
35741
32441
37219
39507
35695
37211
36151
33461
39580
39741
33125
33172
35922
35763
34868
35735
37196
39192
34908
36888
32618
38176
37957
32156
34359
35754
33925
35427
39309
36398
32549
38411
34446
33807
39906
32291
37517
34990
32633
30753
38823
33034
39474
38806
32879
34934
38324
36321
33812
34195
37217
35552
37105
39694
37882
32748
38809
33585
35457
33553
33137
38316
33089
37476
30245
37592
36017
36412
34115
33091
35872
38420
36798
32182
32568
32439
39860
39000
35175
31884
37226
33086
35065
39466
32773
34924
39524
34040
39611
33124
37541
39697
38075
32744
39656
33611
38870
38655
36487
30696
39373
34734
33757
36706
37859
34904
35158
36216
32661
37372
38158
39201
33475
37481
34902
38883
32687
37388
32701
36222
33597
35340
36279
37995
33050
39688
39093
32742
33044
36879
38303
38627
33074
34318
32692
35421
34200
33417
39729
39687
39308
35452
34394
32489
39908
31693
36071
33650
37142
31471
38238
38640
38289
36314
37239
37467
31434
38401
33693
35818
33870
35549
32726
35983
32741
38287
34933
39322
35711
36512
37879
35157
34892
37886
38385
37937
37036
31268
31839
37003
34577
39258
34363
33159
37190
36910
32245
36253
39626
33879
36634
39011
34372
33532
38947
34159
32518
39234
39901
33874
36431
33130
35824
39208
32468
39883
38618
34351
38821
32664
39338
32898
37096
34111
38896
36105
39178
39371
38977
34582
38874
33048
39963
37232
35061
39340
36102
39932
