55175,92,1141
55179,92,93
55182,221,222
55183,34,78
55190,483,638
55191,154,155
55199,147,148
55200,77,128
55230,110,111
55231,45,91
55233,505,506
55240,170,225
55243,251,450
55249,252,253
55253,69,114
55260,187,188
55262,585,586
55264,100,221
55273,174,351
55277,95,103
55279,1337,1338
55286,4238,4245
55289,715,716
55292,293,294
55293,119,278
55295,205,451
55298,1,90
55300,30,178
55303,23,42
55306,326,327
55323,213,214
55324,271,1817
55326,1,55
55330,231,244
55336,10,107
55337,7,38
55339,267,461
55347,120,121
55356,2060,2061
55358,20,82
55364,148,149
55368,1599,1600
55369,442,443
55371,306,307
55373,128,130
55377,108,109
55381,43,118
55382,36,142
55384,364,365
55386,4,85
55389,295,2011
55390,219,221
55391,2343,2345
55394,1,908
55401,472,473
55406,443,444
55409,859,863
55413,112,355
55421,11,188
55427,281,283
55428,225,452
55437,132,154
55439,380,382
55442,145,344
55443,71,137
55444,489,490
55448,146,147
55450,468,470
55451,2,180
55452,144,145
55454,56,78
55456,803,830
55462,413,414
55463,262,275
55464,1087,1475
55466,68,228
55471,490,509
55474,47,125
55475,33,131
55477,35,130
55479,419,420
55482,22,205
55483,662,663
55486,326,380
55491,393,412
55499,64,65
55501,277,278
55503,160,162
55504,315,316
55508,41,154
55521,118,183
55526,741,742
55527,302,303
55529,893,913
55542,72,73
55544,126,200
55546,62,221
55552,240,241
55555,64,68
55556,84,118
55557,365,366
55558,647,693
55560,168,174
55564,44,283
55566,149,156
55567,396,397
55568,332,333
55570,621,622
55573,54,55
55580,173,174
55582,111,2071
55589,293,309
55592,673,674
55593,44,111
55603,2285,2346
55608,76,241
55613,464,491
55614,267,268
55620,256,453
55624,491,492
55628,1575,1578
55632,341,394
55636,222,223
55637,20,110
55638,162,319
55639,482,483
55641,507,574
55645,1097,1281
55649,1030,1031
55651,183,185
55663,448,449
55665,378,617
55670,249,250
55671,229,230
55675,71,72
55676,684,686
55684,131,154
55689,266,267
55690,80,89
55700,349,350
55702,433,434
55704,120,121
55709,138,140
55716,59,141
55726,859,860
55727,915,916
55730,155,156
55731,79,111
55734,382,383
55748,37,79
55750,567,568
55755,241,242
55756,199,203
55761,107,111
55767,110,205
55771,58,341
55774,557,561
55775,50,482
55776,1065,1282
55778,520,521
55779,26,86
55780,404,479
55782,77,136
55790,86,89
55794,339,371
55795,66,123
55796,645,657
55801,410,411
55803,58,61
55804,157,162
55822,126,128
55829,89,104
55831,198,204
55832,175,180
55833,179,180
55836,5,71
55839,524,525
55840,144,145
55841,291,295
55857,172,209
55860,4,83
55864,322,324
55875,145,146
55878,604,622
55881,140,158
55888,308,310
55889,9,116
55892,397,398
55906,116,117
55908,124,126
55918,429,430
55920,536,1012
55923,1,117
55924,313,340
55927,1454,1455
55928,294,295
55929,180,181
55931,148,150
55935,2076,2211
55952,792,794
55958,3441,3739
55970,620,1430
55971,542,543
55977,1036,1140
55985,690,692
55990,482,487
55991,1470,1642
55992,876,877
55994,1821,1989
56002,28,50
56004,678,752
56009,342,581
56011,289,482
56019,182,183
56023,2121,2137
56024,530,531
56025,901,902
56034,167,169
56036,732,829
56047,3,407
56050,127,940
56051,422,423
56056,447,448
56057,144,189
56059,1223,1224
56060,900,901
56064,257,398
56070,350,498
56073,105,231
56074,519,522
56076,668,671
56080,78,79
56085,457,458
56087,56,174
56095,278,309
56097,132,133
56272,1663,1664
56275,174,211
56287,503,524
56292,199,282
56294,346,347
56301,1222,1939
56303,668,671
56305,202,203
56310,542,543
56312,322,323
56314,306,307
56316,1043,1338
56317,390,596
56333,1326,1327
56337,2095,2640
56340,739,932
56341,375,430
56342,1120,1322
56343,2523,6041
56348,1628,2452
56365,81,935
56368,1931,1932
56419,27,75
56421,504,505
56448,376,421
56452,663,3097
56469,171,172
56478,88,150
56482,46,97
56524,195,196
56525,477,485
56545,90,160
56556,729,731
56568,169,175
56569,101,127
56570,46,120
56579,72,135
56580,133,136
56586,193,676
56589,286,302
56590,102,127
56592,700,701
56594,262,309
56598,132,207
56606,125,195
56607,439,463
56608,883,884
56610,652,655
56615,249,325
56622,5112,5113
56630,461,464
56635,249,250
56639,224,280
56640,699,700
56641,668,678
56646,426,428
56647,634,1410
56652,321,337
56661,136,163
56663,84,103
56667,95,97
56671,641,643
56675,671,897
56677,52,700
56680,266,349
56688,154,169
56691,538,541
56694,560,562
56700,809,1131
56704,517,518
56707,374,384
56708,557,1345
56709,437,986
56710,2,1404
56725,1485,1487
56833,3158,3562
56863,361,588
56865,269,739
56866,141,707
56868,5,336
56927,1201,1353
56972,18,359
56981,893,1815
57013,7,28
57058,226,1132
57059,152,554
57064,500,977
57068,74,164
57069,38,51
57075,485,762
57077,347,348
57078,253,519
57080,110,534
57086,896,2095
57344,266,268
57539,87,172
57558,153,677
57574,758,781
57717,1142,1174
57735,147,176
57756,3504,3938
57757,73,535
57802,436,851
57834,666,2092
57837,343,465
57924,382,578
57934,239,459
58001,641,1305
58058,293,327
58070,422,639
58084,167,225
58120,126,139
58161,244,723
58171,141,145
58176,681,696
58219,521,601
58258,216,225
58274,1058,1059
58319,98,173
58348,150,296
58354,241,247
58398,140,161
58400,3,94
58408,189,212
58411,147,475
58419,268,269
58434,451,477
58478,641,682
58502,441,527
58505,1193,1317
58529,303,418
58574,392,805
58575,246,252
58603,1015,1016
58637,221,224
58673,226,227
58739,343,491
58743,207,362
58746,362,1053
58772,365,369
58788,301,399
58888,100,106
58893,9,107
58922,700,1293
58947,413,424
58958,202,213
59011,422,631
59015,202,208
59021,527,537
59054,278,372
59076,333,338
59115,632,790
59264,321,353
59270,543,548
59281,75,666
59291,141,164
59356,289,291
59396,481,501
59400,310,311
59421,78,355
59448,169,296
59509,755,756
59523,155,156
59568,455,463
59646,503,634
59651,653,657
59662,461,470
59665,269,385
59666,302,687
59681,2692,2768
59688,350,358
59727,35,116
59737,471,480
59763,169,170
59781,275,278
59789,799,829
59791,169,537
59803,316,345
59808,42,296
59825,110,266
59862,223,224
59884,1102,1214
59988,206,348
60036,415,1117
60087,550,645
60097,13,38
60102,24,108
60137,542,598
60145,113,124
60148,269,337
60266,259,260
60285,352,548
60354,167,254
60442,412,852
60464,139,152
60607,519,532
60624,512,513
60641,220,226
60724,634,909
60734,57,449
60774,864,988
60865,17,554
60872,86,212
60980,175,267
61072,288,371
61077,82,131
61084,79,80
61137,179,236
61164,695,738
61167,116,418
61169,47,120
61226,70,73
62132,12,225
62147,40,56
62156,131,136
62159,139,162
62509,340,389
62567,230,420
62570,431,432
62579,472,473
62641,339,346
62686,407,493
62732,103,490
62991,450,633
63239,9,279
63316,31,47
63483,204,354
63530,392,1107
63532,59,958
63582,4,53
63615,143,144
63627,331,349
63639,251,475
63704,54,665
63740,18,41
63779,355,408
63896,4,65
63918,92,93
63928,261,285
63978,77,451
64005,703,715
64408,1,4
64418,10,15
64570,155,323
64580,232,233
64584,286,350
64595,199,226
64598,163,372
64599,99,117
64628,116,206
64644,263,427
64651,417,423
64662,211,450
64663,28,40
64669,331,339
64707,234,290
64711,249,251
64721,221,232
64734,98,116
64744,275,280
64758,161,170
64760,1,5
64793,221,234
64804,105,106
64818,944,1010
64820,41,64
64840,312,313
64843,133,252
64855,62,66
64871,116,172
64879,113,131
64886,234,235
64907,175,213
65120,44,260
65171,468,470
65180,631,656
65188,164,167
65287,93,94
65702,137,138
65716,210,246
65746,315,318
65752,206,387
65780,88,148
65786,71,189
65793,36,38
65808,295,360
65813,18,120
65835,448,449
65858,102,160
65861,271,362
65866,499,536
65900,414,425
65910,586,599
65934,197,204
65951,346,364
65959,159,161
65971,19,70
66021,229,246
66036,613,865
66040,48,51
66106,117,118
66121,155,156
66128,344,388
66152,14,115
66158,428,516
66190,349,574
66191,188,189
66192,153,161
66201,155,190
66216,300,338
66247,891,1092
66256,410,414
66287,206,212
66444,174,176
66465,1,2
66523,9,37
66535,339,377
66671,153,156
66754,125,147
66833,154,166
66844,211,225
66853,225,230
66855,263,288
66878,506,1301
66882,211,231
66887,159,219
66893,155,257
66894,207,208
66898,202,221
66918,131,139
66925,190,401
66929,266,423
66947,163,301
66955,215,221
66956,147,152
66962,267,401
66964,110,112
66966,141,163
66971,87,129
66973,148,153
66985,274,596
66988,89,105
66989,179,188
67005,245,317
67019,119,120
67023,202,389
67026,172,189
67027,285,307
67056,304,329
67063,219,289
67099,9,19
67103,64,407
67147,107,262
67160,177,181
67161,380,508
67169,103,264
67187,208,451
67199,118,219
67234,162,165
67237,85,87
67246,259,260
67250,184,197
67263,245,322
67270,49,52
67309,255,261
67350,237,242
67361,141,146
67377,231,369
67446,155,156
67485,231,304
67502,156,169
67599,101,127
67614,195,198
67623,283,447
67625,364,411
67652,471,527
67708,759,1091
67734,185,194
67757,107,194
67766,214,256
67800,408,409
67810,522,711
67812,282,322
67824,125,160
67868,11,53
67889,48,138
67914,300,360
67918,430,432
67921,134,135
67923,22,78
67932,226,240
67979,482,483
67980,2,118
67983,304,318
67997,212,218
68004,352,354
68067,432,434
68069,336,340
68101,200,447
68131,169,170
68152,358,373
68170,934,944
68177,189,192
68188,250,255
68198,177,178
68261,211,365
68310,870,871
68347,306,307
68348,7,562
68357,395,435
68374,181,269
68413,8,19
68415,190,198
68484,767,859
68506,203,212
68542,91,168
68660,92,132
68676,86,174
68694,61,125
68710,465,466
68742,268,283
68816,179,186
68838,101,102
68839,287,291
68848,58,65
68893,123,124
68905,135,311
68948,319,320
68954,196,197
68968,51,150
68976,298,318
69036,171,190
69046,179,180
69140,114,234
69160,39,72
69363,48,51
69365,218,230
69460,6,20
69471,424,482
69501,114,267
69558,442,473
69563,163,180
69572,258,264
69609,162,164
69638,195,226
69643,95,96
69648,30,34
69674,76,87
69682,191,193
69691,187,250
69715,156,158
69737,19,38
69744,108,116
69760,31,38
69761,58,69
69786,232,359
69899,230,238
70209,34,101
70308,103,169
70444,64,66
70549,322,334
70628,238,261
70978,2,13
70988,22,77
71064,55,94
71227,13,78
71230,31,140
71333,24,30
71552,49,450
71597,7,78
71669,13,240
71909,43,45
71969,6,69
72188,203,459
72330,49,159
72475,34,58
72509,160,171
72510,197,290
72512,125,306
72513,58,96
72521,2,55
72523,3,48
72524,1,72
72527,1,48
72528,1,96
72531,1,59
72533,1,54
72543,47,410
72594,101,278
72674,4,95
72704,121,508
72708,84,299
72760,30,152
72777,1,54
72792,318,384
72793,182,281
72794,229,285
72795,90,399
72796,5,35
72797,53,66
72798,65,200
72799,91,226
72800,17,85
72802,24,109
72804,4,52
72805,49,327
72806,50,355
72807,64,84
72873,145,150
72912,341,401
72917,45,70
72921,180,184
72927,124,285
72964,52,155
73067,60,84
73210,107,123
73211,32,177
73329,249,382
73559,40,411
73766,48,201
73788,63,167
73965,160,302
74123,443,481
74125,459,561
74275,227,430
74277,39,253
74327,7,388
74338,68,82
74369,45,66
74436,223,342
74559,893,1133
74574,38,64
74690,48,226
74707,92,187
74709,56,79
74734,34,115
74932,246,349
74938,121,476
75052,167,215
75053,50,219
75158,269,365
75262,134,143
75263,307,415
75359,32,526
75482,67,71
75509,45,53
76152,38,165
76502,212,214
76658,106,176
76704,100,257
76800,20,21
76834,3,19
76855,65,68
76869,24,36
76913,22,43
76929,50,83
76939,12,17
76984,3,10
76993,2,6
77051,1,13
77077,2,38
77380,2,12
77415,23,89
77476,5,19
77727,3,8
77836,10,16
77864,2,13
77867,6,16
77887,17,77
77944,68,226
77952,1,68
77995,6,64
78033,2,98
78051,110,168
78061,7,14
78095,307,323
78364,112,133
78368,49,50
78399,189,190
78411,480,509
78456,63,65
78475,54,148
78478,73,91
78481,113,176
78484,37,42
78488,77,84
78507,35,111
78509,100,131
78514,180,181
78525,9,56
78547,66,107
78563,14,29
78571,208,244
78628,94,96
78650,153,200
78660,6,203
78663,76,77
78669,359,365
78712,354,489
78717,458,459
78742,417,424
78747,274,276
78770,38,42
78793,104,202
78805,236,267
78831,43,78
78834,255,270
78838,216,219
78865,133,135
78889,312,315
78891,96,102
78893,420,482
78895,133,136
78896,157,266
78903,435,436
78904,681,749
78920,29,156
78935,202,203
78939,312,316
78941,348,357
78964,192,193
79008,151,155
79034,316,500
79046,177,181
79061,488,886
79063,395,469
79073,25,352
79082,205,209
79103,263,313
79105,119,354
79109,297,321
79129,757,769
79134,915,1128
79137,120,176
79158,231,232
79168,185,370
79192,441,601
79267,22,33
79273,46,57
79287,24,132
79402,278,425
79510,162,167
79565,13,16
79727,3,8
79833,32,580
79886,7,17
79906,130,133
79933,240,371
79963,136,158
79981,97,149
79986,7,10
79989,270,282
80023,354,382
80168,278,279
80183,13,178
80699,3,51
80817,1,36
81326,49,129
81367,152,232
81396,287,329
81449,333,408
81454,350,468
81603,372,612
81608,104,423
81685,535,857
81862,386,820
81911,147,209
82040,448,994
82130,303,697
82148,1946,2004
82159,351,936
82174,95,1005
82331,514,1140
82394,58,324
82445,552,779
82487,942,1047
82549,621,2602
82651,2223,2265
82673,2432,2480
82698,105,700
82778,555,976
82851,1914,2361
82878,1451,2875
83072,42,49
83080,31,80
83109,11,12
83114,9,17
83126,12,20
83155,8,21
83212,21,23
83217,9,11
83221,11,35
83230,4,6
83234,20,104
83242,23,183
83293,98,100
83314,1,12
83360,7,11
83361,38,340
83381,60,62
83392,263,265
83452,3,88
83460,11,74
83484,26,83
83486,11,35
83496,21,30
83702,46,55
83717,10,42
84001,102,103
84003,431,433
84019,1167,1218
84051,137,314
84056,21,143
84071,169,170
84090,142,239
84134,632,726
84142,1209,1281
84143,845,875
84156,75,76
84164,256,309
84176,92,140
84182,458,463
84191,361,437
84213,212,213
84219,247,253
84237,144,148
84246,192,227
84256,176,196
84261,461,462
84266,185,186
84268,390,401
84323,326,358
84509,16,22
84522,3,12
84542,7,10
84567,40,118
84579,8,26
84590,8,11
84613,37,93
84663,1,26
84750,177,189
84975,73,385
84977,369,374
85114,18,44
85207,670,945
85831,393,432
85838,41,88
85850,734,959
85864,115,170
85865,52,313
85866,1,100
85867,4,268
85868,10,39
85870,15,320
85871,4,100
85872,14,62
85873,45,51
85874,3,178
85875,19,42
85876,22,466
85878,4,223
85879,15,242
85885,23,352
85886,7,124
85887,1,31
85888,11,68
85889,15,339
85890,2,49
85891,3,67
85892,28,59
85893,5,217
85894,1,301
85895,13,71
85897,4,20
85898,17,29
85900,2,36
85902,21,226
85903,2,49
85904,58,67
85905,49,188
85906,30,35
85909,39,42
85910,1,38
85913,2,159
85918,2,61
85919,1,135
85920,16,67
85921,41,46
85922,44,173
85923,3,156
85924,12,50
85926,22,88
85928,5,83
85929,55,374
85930,17,315
85931,26,72
85932,20,163
85934,14,50
85937,25,458
85938,3,91
85939,16,356
85940,25,124
85941,20,31
85942,41,58
85943,7,260
85945,6,55
85946,14,156
85947,13,525
85948,16,117
85949,25,158
85951,3,27
85952,4,134
85953,9,45
85954,31,253
85955,28,136
85956,33,85
85957,1,650
85958,34,166
85959,20,125
85964,12,60
85985,99,137
86054,12,337
86056,181,231
86057,18,274
86059,20,666
86060,68,126
87239,29,182
87553,15,53
90014,3,24
90143,17,32
90219,20,87
90239,1,62
90288,33,71
90593,60,65
90786,44,98
90917,254,319
90947,18,58
91128,99,351
91253,215,352
91260,4,185
91354,80,81
91360,480,533
91452,556,586
91463,54,261
91567,247,351
91664,245,387
91670,23,165
91753,20,234
91765,162,447
91939,2,532
92004,87,373
92210,514,2917
92220,19,143
92334,19,20
92436,319,323
92494,5,25
94467,419,544
94789,13,24
94947,573,827
95014,23,231
95711,105,140
95712,80,185
95713,27,40
95714,10,60
95716,6,106
95718,5,316
95719,4,20
95720,3,44
95921,28,376
96176,179,852
96800,125,144
96939,65,346
96940,16,270
96948,17,95
97218,49,121
97272,171,195
97366,56,73
97815,160,213
102822,98,178
102836,18,34
104735,5,6
105798,6,11
107131,3,4
109270,24,25
113335,3,24
113365,53,55
114452,14,22
118135,4,32
118140,60,78
118143,14,61
118148,56,83
118150,15,109
118157,144,145
118158,9,103
118182,18,19
118186,32,52
118193,44,64