34382
38648
33421
34186
39936
39702
33054
37548
39321
38239
38481
37373
32876
32163
38722
32675
32710
38257
36685
36421
35202
36711
34796
35174
37867
34896
32519
38706
32557
35882
34491
32671
36221
36673
35859
32440
34720
35712
39884
36691
38549
32586
32919
36021
33537
33964
36909
39711
32627
37146
32649
33982
39973
32584
36911
32598
37462
37788
38362
36708
38632
36626
36503
33691
36763
39074
34264
36803
33949
35839
33935
34531
32774
33101
33703
36265
33460
36697
32743
34043
33967
36908
33890
37513
32157
33491
35913
39774
37475
36211
37639
32677
36146
34366
32555
33667
33577
36330
34221
36492
33099
35527
34319
39313
35993
32809
32690
33082
32315
33810
30511
34121
38635
37110
34005
35516
39700
39839
35433
36609
36622
36656
35867
39469
39738
39336
33926
39994
33063
39440
33623
39323
34779
32602
32740
34939
32689
35860
32479
38278
39285
36225
38066
34925
33083
36113
36173
39602
38724
34471
30528
36675
36686
39969
37645
33944
32532
32783
33615
34597
36287
34345
34959
32813
34680
39381
38181
39504
32775
35128
36827
39166
35501
33698
33957
36024
38171
34510
32662
33107
39448
37107
33548
38406
35591
36262
35698
34129
36026
35265
33671
34298
38853
36695
39601
33886
39594
33697
38777
38188
33183
35163
32444
34745
37238
37088
35350
39129
39522
38721
33080
35286
38887
35048
32261
37986
38736
32605
36666
32553
38783
38780
39755
33704
34120
33598
35703
35045
33513
35455
34002
38685
38261
32545
39609
37928
39341
39900
37651
39933
37229
32752
35622
34752
33972
34893
34114
32437
33341
38656
33619
37540
36387
39678
35970
33595
31998
34879
38869
32667
38819
35565
32877
32746
37485
39596
34317
35276
38121
38327
33118
33760
33638
38074
33811
38982
38972
34373
33120
33555
35352
38903
37187
34955
34130
37079
35478
36178
36075
33490
33070
38269
38596
35523
31743
33604
30297
35910
33572
37224
32884
32588
34891
36235
36688
38614
39583
38978
39086
33531
33489
34762
32771
38330
33534
38288
39854
35917
33668
36258
34403
34937
39889
33635
39109
32684
36556
36324
34952
33699
34034
33093
39188
35629
33133
37469
34637
33883
32669
39115
39061
39598
33041
35375
38297
35541
39126
36616
38137
33680
32569
39907
37439
32591
38136
33679
33143
36273
39976
38063
36710
33129
33754
32651
32708
34235
36290
39394
38885
38996
34397
37396
35713
39519
38464
34921
33970
35435
34321
39342
38710
37233
33533
33121
38536
32729
36414
32648
32704
33482
37319
37087
39320
39603
36022
38395
39666
33095
33673
38182
32761
38986
33282
38241
36672
33047
32705
39213
39824
33563
37963
32780
37091
39493
37114
38994
33578
32765
39922
36658
32717
35500
36713
35358
38295
38197
33712
35811
35589
38440
33875
39005
39367
39703
36106
35316
32728
33674
33569
36352
30053
37084
38901
37203
33602
33882
37554
30534
38516
38152
36674
33507
35409
36028
32078
39945
38060
38817
39378
32637
35854
36671
39843
35179
36905
38850
38165
35188
32438
33655
34016
33558
38323
38255
33116
39620
33656
34398
34126
37532
38071
36912
38539
39460
39182
36724
34405
38189
32550
38900
35619
36625
35534
37498
39329
39862
33975
34109
39317
39707
33983
36875
39496
39923
35761
32380
33502
38625
36327
33138
32723
32880
39216
39096
38235
39125
35812
34184
34028
39357
32891
36185
33876
32613
34578
35921
32509
35345
39487
31722
32657
33690
34035
37501
32785
32630
34248
35862
30965
34735
38872
39364
32881
33049
35420
32770
35440
32758
32724
34873
33090
37545
35267
39387
38413
38076
35518
36391
39739
37877
34673
38457
36491
35776
35439
39263
36648
35404
38051
34899
37861
39869
39913
31582
38424
34508
36217
37207
37368
37460
35353
39117
33147
38535
38150
32483
34533
33947
35920
35339
39396
32678
31269
39197
39223
34049
31222
34540
33114
34897
38741
35700
32702
35556
32841
36712
36328
38654
38392
35804
33479
36234
36064
37395
38897
37214
33492
36020
33720
35263
34638
34808
39967
33181
36992
33527
32623
33610
39926
32680
37077
34744
35032
39667
33152
39671
35886
30903
32682
33956
38857
31930
38077
37379
36536
32488
39872
35052
38714
39940
33696
33174
39828
35268
34945
33643
34941
35253
35428
36902
38979
39517
37870
37108
38830
38841
39232
35894
35217
39191
38834
35750
32668
36456
37499
33115
33966
32720
39944
36239
39391
30043
39903
39102
38964
30704
37482
35255
34113
39002
37291
35064
32581
38072
38166
33631
36991
38434
35030
34583
38306
33108
32487
36701
34123
38826
39930
33544
32593
33583
33313
35989
38571
39893
37215
35673
36025
36335
34097
33759
39938
33813
34404
38818
39235
38894
34546
35038
35456
32514
32760
37484
39509
35842
37149
36428
36615
33477
39006
35342
35351
35635
39502
37688
37854
33035
33713
33538
36628
35531
36385
36476
33189
33153
35706
39934
39508
39226
34628
34690
36856
38191
37932
33521
35165
34527
39847
35438
33588
36549
33510
39846
36833
32722
38756
37384
30755
38139
33943
38065
39725
37802
34331
39268
39108
34973
39363
32653
35479
39222
36957
38325
34251
37547
33600
39586
32621
33948
37098
33269
33525
37678
35720
37667
33648
38862
36058
31174
39330
32764
34360
35266
37851
38873
37326
32685
33809
36729
31262
34895
35162
39662
39848
31532
38267
37875
33621
35714
32449
33061
38064
33140
39781
35924
33055
34011
34926
35752
38637
38895
33700
34773
39894
34751
39356
33573
30671
33472
35066
36011
33893
35819
33019
38574
37397
35465
33162
36096
38744
35940
36280
33239
39119
38397
33135
38425
39348
38179
36213
34563
37222
35584
33501
39621
32714
31407
39230
36099
37908
34761
32747
33424
36540
36227
34385
37553
37543
32736
36541
39516
37371
34381
37774
30075
37459
37083
39856
38890
39319
32507
39529
38624
39369
38871
36289
39212
39796
39553
31544
32641
36012
38747
35207
32526
35612
39904
32608
31495
39257
39890
33980
38132
34529
38638
38881
39379
37364
32513
38737
35723
38822
34961
33945
35588
39453
35919
35929
39211
38665
33165
35579
33565
36633
33614
32749
33067
33941
32993
38976
37392
37159
34953
33934
35675
39489
39612
36886
34641
37154
34362
37094
38185
35407
33504
33616
36460
37390
39195
34623
32697
38935
36667
37081
33126
33145
34960
33012
39886
39253
39016
39013
33998
38838
32674
34325
35577
33676
39311
34337
36223
36101
33627
34332
33930
38414
39351
37442
39865
35778
36964
31665
39696
35498
39354
36636
39849
33163
34854
39735
38866
33651
33566
31128
35702
30094
37505
33751
36426
38432
38729
33511
34685
32617
33804
35512
35357
39385
32564
33071
32481
37809
36046
36092
39337
33987
39880
36430
36661
34907
35493
32887
38415
32878
39376
39811
38317
39254
35107
32631
38318
36094
39870
35909
37426
34393
39747
38619
37697
38959
35459
32592
30303
34000
35049
38183
37978
34882
38326
32571
33127
32465
35639
32886
38658
36077
35166
35338
35648
31484
36654
34329
34192
35682
34116
36668
34428
33068
39343
36228
36336
36664
33158
39290
33498
33932
33541
36531
39830
39506
34943
35585
38647
33535
35715
32739
39715
38837
33701
35062
32486
39310
35258
39909
35676
39713
38955
32716
33085
35380
39939
32874
39205
32597
34336
39455
38641
35371
35461
35927
36231
32497
37869
35494
34048
33984
33978
38757
39764
37220
37230
32715
34244
39625
33562
34386
34776
33584
38441
39476
39692
34214
34396
39852
32778
38739
38329
33128
37866
32767
38286
32556
38408
37167
35296
36917
37562
32576
37457
39007
35996
39605
35058
39018
36597
38426
32636
38437
38277
36323
36647
33069
35063
30486
34929
35497
39689
32504
32727
35346
33109
33167
32694
32733
36147
37960
37474
36089
30729
32493
32523
39853
36458
32505
34502
34038
33592
36161
38719
34748
38859
37934
39590
32448
38523
36067
38532
33288
33072
36488
33518
36611
34900
33603
34747
34534
35759
33084
34042
30157
34383
36389
36777
35426
33178
34738
37178
38511
39931
34950
34353
39118
38541
35437
36069
38315
32766
32496
33053
37556
35709
38399
39604
35590
32642
39347
38314
33459
35912
33986
39704
33942
39928
34709
38254
38852
38856
38538
37822
34526
35376
38899
37477
38260
36450
37864
33791
35269
37503
39452
34930
36037
39888
32561
36610
32703
32663
35710
32490
33954
33974
32494
34771
33709
35827
39063
34326
38621
38307
35095
39679
38749
38630
33059
38148
33110
36098
39868
34199
34010
34357
34501
34323
38754
38056
33161
38419
36570
33881
36201
38954
38073
32676
38617
32517
33707
37464
33630
36635
36562
33150
38161
33112
34399
39867
31626
36425
35204
39911
37863
38865
35470
38308
32707
37925
35967
35303
38733
39563
35496
39333
35244
34957
36164
37472
38525
35845
33633
35948
33043
39106
39511
33119
38190
39204
32789
36417
39684
30201
39495
35822
32719
33985
37538
38965
39377
33170
34075
32725
33508
39498
38423
37673
39380
34770
33818
33802
32565
38723
32609
31428
37917
36994
39918
39210
33596
37092
38886
39215
32570
32862
32693
30329
32695
33756
34643
39500
36796
37398
36237
37856
34878
32650
32691
33458
30876
34171
30614
39184
32293
36014
37095
36255
39008
37537
34289
36588
36285
36736
39497
33560
36689
35800
39422
35926
35733
39123
37181
36993
38662
33724
39374
39359
36079
34256
34621
35809
32756
33664
34044
32698
37683
33471
36068
39067
39512
38861
37853
39997
34931
39823
38178
35701
35580
35016
31611
38661
39499
35462
38515
34118
33144
36282
35599
34354
34740
38058
37539
37786
38971
34356
37302
35817
33547
39681
38839
34369
30691
39896
33805
32554
36824
36066
33062
39610
37528
33929
38863
37835
32696
35485
38690
39836
33528
35160
39361
36915
31573
34406
36624
35262
34007
33561
34942
35581
38709
34418
35085
32529
36916
37862
33617
35423
34376
36206
35424
32071
38225
38275
36038
38219
33607
38279
36010
33111
33803
34728
37884
39921
38311
34936
32471
31954
36758
38537
39619
37890
36532
35084
39622
37855
34573
32745
32888
34390
37507
33499
33132
36657
33468
32607
33618
32769
38599
35283
33608
39170
37680
36698
33762
38134
34414
33328
37846
37213
30656
35533
38797
37393
38928
33613
34474
38007
32379
36215
39346
37684
35747
35689
33652
38531
35707
34255
33599
37394
32434
33591
39488
33473
37367
39644
38436
36630
36072
36018
30482
32768
35962
35914
37510
39214
34324
37228
33582
32670
38417
33066
35814
39686
36093
33179
36969
33694
32787
39113
37288
39314
36203
39282
35161
32596
34687
36506
36209
32628
38067
39103
35451
38186
34659
36535
37310
35823
38753
39190
33570
36906
33649
37179
34528
36513
32790
35425
39915
32700
32850
39389
33559
33711
38999
32762
34636
35820
35489
39942
33636
33952
37468
35214
35699
39505
35414
33046
33716
39481
35468
34201
33430
32837
39882
34835
35721
38589
38642
39009
39050
33432
36078
33878
34391
39382
38645
35460
34191
38155
37979
39558
33386
35582
39834
34668
33586
33539
32610
32665
35349
33470
34119
33515
38488
34765
32491
37115
32763
33685
39345
34580
35553
36392
36665
34182
38427
34991
35186
39220
35070
32734
32615
39328
39841
33088
33463
38988
37502
38833
39366
36730
39105
36076
38860
33758
36394
32782
39919
35745
37534
30387
34234
35749
38283
34003
39970
34408
35741
32441
37219
39507
35695
37211
36151
33461
39580
39741
33125
33172
35922
35763
34868
35735
37196
39192
34908
36888
32618
38176
37957
32156
34359
35754
33925
35427
39309
36398
32549
38411
34446
33807
39906
32291
37517
34990
32633
30753
38823
33034
39474
38806
32879
34934
38324
36321
33812
34195
37217
35552
37105
39694
37882
32748
38809
33585
35457
33553
33137
38316
33089
37476
30245
37592
36017
36412
34115
33091
35872
38420
36798
32182
32568
32439
39860
39000
35175
31884
37226
33086
35065
39466
32773
34924
39524
34040
39611
33124
37541
39697
38075
32744
39656
33611
38870
38655
36487
30696
39373
34734
33757
36706
37859
34904
35158
36216
32661
37372
38158
39201
33475
37481
34902
38883
32687
37388
32701
36222
33597
35340
36279
37995
33050
39688
39093
32742
33044
36879
38303
38627
33074
34318
32692
35421
34200
33417
39729
39687
39308
35452
34394
32489
39908
31693
36071
33650
37142
31471
38238
38640
38289
36314
37239
37467
31434
38401
33693
35818
33870
35549
32726
35983
32741
38287
34933
39322
35711
36512
37879
35157
34892
37886
38385
37937
37036
31268
31839
37003
34577
39258
34363
33159
37190
36910
32245
36253
39626
33879
36634
39011
34372
33532
38947
34159
32518
39234
39901
33874
36431
33130
35824
39208
32468
39883
38618
34351
38821
32664
39338
32898
37096
34111
38896
36105
39178
39371
38977
34582
38874
33048
39963
37232
35061
39340
36102
39932
37249
30569
38510
34849
32012
34440
30684
39097
36126
33744
31012
39246
30723
33349
31378
32348
37749
31983
35121
33268
30121
30298
34520
31980
31999
38789
31528
32941
35732
38475
39180
35393
31654
35668
39584
33542
39464
36363
30047
39459
36035
37209
35272
39956
32964
33305
30147
35753
35238
38683
37838
38557
33763
30822
35877
32896
30683
39532
36847
38930
30703
30648
31963
34168
31112
36868
31473
33780
34180
37636
37778
31601
38082
30430
36127
39536
30010
31156
31044
37977
31686
30976
31735
31913
34783
34977
32054
35014
30891
30118
34691
39957
34704
39059
31259
31789
34840
31346
30854
30305
36986
32109
30296
32814
31984
30751
38028
30217
37672
39801
31823
35802
34453
31538
35852
30954
30905
32817
38452
36545
37332
31188
31410
36561
38508
31748
31763
31620
32150
39065
33797
37169
31284
39579
30830
35686
38094
30611
30760
34506
31908
31972
31004
31079
39044
35771
30545
36455
31056
32861
36410
34670
33743
35317
30404
36467
31235
33231
31493
37033
32248
33839
36480
31277
30529
30853
30240
39177
38554
36405
31521
34021
34409
36252
32459
39288
32410
30641
30948
36475
32197
30885
30972
36958
31826
32893
34716
30281
30514
30620
31811
30598
35562
31195
39031
34494
39780
39727
30985
30609
32017
31482
34963
30629
36007
33004
35125
32791
35329
34420
31692
31219
35684
30399
39968
31414
35570
33395
34807
35573
37628
30159
33426
36208
30575
31753
35335
31635
36311
30481
31946
30776
30939
38555
36374
30888
38716
39239
36365
34686
35154
34443
34282
38811
37785
36738
32540
32546
31988
31331
39420
31485
37713
32189
30165
35309
30349
36839
39629
39726
37200
38013
30421
30923
38946
33002
30774
31082
35411
33826
31073
30977
35318
31417
37336
36955
35396
30261
32051
36354
39154
39643
31052
37900
38667
39737
34284
38345
32218
36740
38764
38016
30980
33906
38380
31838
31451
33213
33232
31923
33211
31825
37354
37411
31589
32124
39979
30246
30363
36342
30069
35130
30586
36194
30635
30455
33500
35979
39818
37677
38927
33918
30522
33770
31256
38832
33339
30418
31447
34978
36484
31245
35618
30633
31568
30897
36116
37170
35385
31516
39256
34574
31225
36813
34858
30871
36300
32015
38936
37023
30630
31207
30935
32020
31025
38876
37666
34579
30417
37005
31248
31612
38271
32404
38220
30873
31047
33433
33283
30302
33255
36308
37799
36564
35515
39803
39788
30355
36810
38760
32066
30676
35508
38038
39084
38474
37320
36723
31780
30813
32087
31483
36459
33962
34535
36714
32313
30967
37524
36271
35935
30038
39783
36940
31028
30092
32368
33912
30560
39449
38213
36899
32842
38114
38590
30215
30459
30870
34683
35384
37972
39033
30166
31317
36366
33416
34163
32358
37431
30360
32415
30779
30218
31728
35555
37808
37922
35646
35218
37193
32201
32846
31355
37613
38768
39746
34456
31819
33382
34661
38050
30682
35545
31799
32364
34561
37676
32968
34099
38299
31432
35206
38080
34157
36753
39162
37006
32151
32996
30030
35028
30308
31560
33715
34286
34236
32816
32913
36522
39147
35755
32855
31115
31529
38607
31366
33845
31005
36544
32246
32366
35897
33399
30606
38025
30373
36637
30618
39716
32894
31991
39810
38448
39019
35227
30746
32177
30754
37427
30335
36640
36318
30273
36266
35288
38108
31160
32131
32264
31832
32951
33250
35939
31705
31239
35670
34134
31061
36895
37945
32947
31688
38449
30887
33344
33270
36259
36552
34480
30807
30556
35039
37013
37761
33264
31820
30051
36577
32868
36526
31921
31452
37923
31515
32231
37712
31154
33335
35151
35937
35312
31505
38391
31442
38769
36316
30023
30001
30271
33456
33259
38081
30493
36542
39411
39674
32412
30142
32160
32980
36496
36787
36935
33992
33207
32350
31833
30479
31094
35195
31613
30268
32796
34057
38377
36788
39814
32114
39792
39795
34910
34237
39958
31033
31880
38931
37733
35874
30242
36595
38042
32832
38518
37946
39079
31419
32845
36167
38092
31968
32331
38944
35528
37659
32213
33920
30365
36088
38937
34454
34242
37958
36608
31459
37641
36207
35953
31303
37598
32272
32112
38363
32378
38390
37180
33855
34587
37012
31001
33837
34823
32828
34645
39091
31672
37987
30816
30541
37521
31215
37907
31684
31462
35936
36128
31595
32173
30579
38207
31583
38561
32002
36586
34161
31191
34726
38772
32792
37311
31906
32408
38688
32329
33275
38672
32168
34729
30253
34416
31446
33821
35883
32818
35617
30521
32997
38469
35596
30997
31606
32268
35987
36735
35448
33741
33993
32289
34832
31411
35739
30784
30571
37192
33437
33863
33020
31448
31588
32416
37796
33629
31058
36974
35796
33360
33243
35418
36785
30359
32374
30462
37579
35390
34853
36864
39879
31704
35787
32234
32096
35564
35118
31756
30293
32262
35234
31976
35036
32804
37738
35082
31228
31940
32316
36750
32912
30449
30624
35964
36345
34800
31298
31652
32910
32325
32974
34660
32931
37004
32339
32969
33326
36340
33365
30828
38246
38120
32208
34676
36949
35901
30767
31557
38402
33750
32365
39791
34675
37522
39574
33350
36643
30454
30823
34302
31629
30306
33455
35891
32103
39766
35408
38929
35005
39293
35026
30503
36746
31986
32962
36959
30117
34677
39773
37949
36963
34347
33000
30573
39021
30320
35904
37930
39875
37722
36720
36976
33410
35751
34998
31430
30955
39673
38949
36919
38012
32314
35879
34466
33013
39146
35221
30817
34213
37669
39670
32382
35513
32351
36801
35991
31670
33026
39547
37415
32856
31720
30679
39167
30999
33408
30115
39951
32079
33796
30328
36299
38878
33777
30487
38445
36855
36120
30944
33321
38784
35331
36849
30950
33790
37804
30155
33298
33193
35960
33296
31994
32116
38203
38000
36082
32632
30975
31840
37748
32303
32309
34591
30597
38211
38696
31960
36604
32451
32093
30982
32871
36121
39800
32808
38543
30865
34228
31830
30336
32180
39250
35982
35156
36165
31163
37605
37490
39742
35323
35143
30068
39718
34798
30054
33897
38102
36594
38232
31270
36274
36528
30957
37920
30414
35191
38033
36380
38608
34210
31687
36192
31847
30130
39025
31713
33190
34662
37936
30740
30808
32035
35447
31339
38359
34851
32311
31815
32872
37708
39280
39161
35672
31877
34976
30116
32095
36548
37792
32115
30465
37329
36043
32004
37739
35285
32927
30476
31352
35093
32147
32990
31664
32041
35145
32326
38443
34830
35658
36771
39189
37644
38365
36296
31658
33272
38400
30331
32863
31731
37819
31591
30244
39095
32399
39683
31253
31524
31887
31173
35769
31425
37422
30019
31810
38846
32958
39242
34966
36719
37607
33923
33028
37741
34095
36183
33895
38334
36346
36482
38198
31628
30844
32911
37438
30510
38917
31464
38370
38351
37591
35004
36646
30913
38816
37737
31856
36502
31141
30224
31533
35943
37742
38762
37951
30056
39089
34145
34544
32798
36725
39277
39075
34423
36378
31888
39185
33370
32538
38779
32219
32835
31106
30881
37643
30221
37289
31829
30523
32994
36108
39630
37789
39255
33899
31324
32397
32810
30203
32295
34457
31099
31147
34301
31120
36145
35208
35660
39240
37935
31619
35098
31967
34148
34460
30711
39443
30592
33294
30044
38354
35079
31679
31282
32427
31095
31202
35777
34445
32450
30256
30666
34865
33800
31869
36860
30062
37703
34713
31043
36477
30181
38382
36353
34980
35113
35294
32930
36765
30685
30464
36726
36376
30594
30427
35951
35020
34548
30401
37757
30956
31045
38387
36042
33898
31252
34098
33840
34348
35099
36600
30995
31292
37611
31427
31165
30107
31092
33267
31023
39789
33401
35153
36360
34165
30709
37758
35228
32003
38790
35614
37999
33722
31275
30391
39647
31710
38272
31617
36397
36312
37779
33422
32037
36830
34462
30084
32907
36137
36927
33015
30324
33853
38526
32985
31051
32384
32999
31080
30441
36945
30450
33287
36715
30636
30734
36762
36933
37768
39749
36573
33220
31193
35760
39784
31199
33266
38031
36393
34487
38357
32018
31436
35194
34634
33909
34430
35363
33782
38606
32113
32820
38680
36283
33831
30212
36524
31347
36112
30646
36834
36004
31659
30024
31330
31312
35557
37603
32914
34266
38251
30243
36944
33411
33336
34220
30164
31624
36250
30003
38243
31901
37596
32424
38923
33354
37904
37941
30313
32077
34630
31161
30207
39237
34819
36086
34426
30460
35664
35017
30289
33238
31393
36307
31133
38776
30428
30195
36819
33197
31065
37029
36606
33194
38014
31021
32797
30154
33286
38337
33435
31781
32225
35245
37198
36923
31771
35361
37970
35896
38344
32155
35592
31449
38019
31158
33196
37903
36956
36156
37307
30771
34564
33841
32409
33199
30129
30226
31171
31914
31029
36679
37016
36511
34968
36125
39265
32009
39279
36292
39055
30574
30102
38681
39672
35029
39770
32025
30725
37614
31843
32953
32263
35627
31997
34143
37897
38023
34665
38796
34595
35505
31074
31873
37000
32918
31716
34070
37048
32851
30943
38386
34314
30366
30659
32957
37646
37247
35115
31145
31357
31288
38699
38006
38499
35744
31542
36129
34996
32118
31792
35502
36269
38373
39808
37791
30533
32120
39173
30081
35866
39421
39959
30500
37912
33865
30385
30858
30842
34225
30074
30327
31567
31380
31081
33323
37523
37188
34797
39569
36197
36351
38109
31233
31858
30716
34093
31623
30354
32542
31415
31327
30017
35077
32057
33381
30033
36981
35196
33007
35389
32843
37300
39076
32385
32534
37663
37845
33862
30307
30346
37939
31783
35090
31934
35324
31384
33420
30616
35222
36443
30048
30532
33859
39417
37769
30183
31996
38367
34625
34476
36889
34412
31821
33014
35138
30083
30093
32022
32976
34241
39047
30076
30501
30186
34617
33271
30310
30007
36150
36114
31668
32435
32300
38020
33919
33412
32008
30407
37660
30219
32831
36122
36774
36939
32171
32405
33731
35889
32110
33924
30553
31741
34240
30775
33217
36199
30959
36516
33905
31210
38054
35302
32229
36680
38396
31200
38563
34429
35620
30431
38875
32802
33452
34219
36682
34378
30612
39070
32188
38512
30241
33325
38489
31577
32932
30778
34103
31974
35132
31273
39549
37704
38300
30101
37833
36445
31423
36926
30581
38018
30408
35846
37654
36515
37718
39029
38953
35990
35022
30516
33367
31944
30832
39759
30907
30135
39238
31848
36349
38910
30178
31924
36041
36348
37399
30125
32058
31084
32149
32853
33833
31356
30968
31546
36052
37847
31900
30588
35955
32019
34824
32290
30938
30966
32192
30027
37590
31126
38581
32352
37608
38126
39560
36881
32803
39155
32367
36920
34846
30749
39064
38199
37751
39262
31022
32982
38610
37655
30810
35236
34311
31394
31824
30877
36716
34458
30272
31948
38480
34725
36678
38450
35270
32420
34714
31078
31793
38135
35636
31227
34618
36877
37814
31276
33202
34304
31808
31212
36968
31368
33215
39874
32034
32948
36970
36848
36291
39753
30681
35225
34142
32799
36925
30436
30512
36996
35250
35397
39435
31785
35377
31663
32119
34555
30812
37623
36085
31196
38708
39186
35843
37820
34841
31933
33291
36396
34183
33257
30250
33244
36315
39458
37635
36752
30318
36563
38003
34610
31673
31518
38274
30339
33292
31377
32237
37035
31333
30577
30621
34600
30748
30719
30591
35525
32153
38609
37404
36362
34484
38022
37405
34552
34852
39769
34708
35246
34459
32128
30589
32275
36764
30837
32141
32014
37924
39745
31643
33329
30863
30262
39245
31641
37018
31666
32090
31349
36859
34280
35226
34204
38378
35758
37589
38047
36381
33394
31890
35110
38461
30502
31594
37574
34946
39041
31773
39562
32038
39632
31685
32801
35104
37909
32200
30526
34149
31221
37714
37285
31556
37413
30780
34862
36554
38210
31511
36337
37906
36500
36364
31381
36243
37172
35681
31046
38217
32135
35881
34692
39758
38727
38116
38546
37241
30652
32361
33293
32838
30006
33835
36184
32904
34152
31989
34547
32056
30657
39176
39815
35035
31049
30025
34537
31323
33033
31278
37493
30191
30615
34857
38041
39260
31714
33348
37350
37296
39137
31059
33738
31316
36936
38364
35417
36922
33852
31008
30546
32398
31889
30700
30340
39571
38785
31063
30295
39426
36815
35395
30886
32852
37896
32892
35833
37827
34206
31681
31630
38521
36509
33351
38218
31119
33901
33009
35902
30301
30990
31087
31947
36034
30964
32011
33737
36823
30290
37633
37709
30781
36180
31124
36171
35136
39241
32204
36119
30660
32088
35540
34076
37766
30425
37166
37425
34984
30172
30527
30731
35398
31131
33719
30803
37716
38550
32973
35663
32414
37173
36160
38778
38348
39790
30841
37901
33767
34848
38247
32991
39194
34511
30795
36760
38880
37017
31649
39438
32826
37702
31122
30664
38545
30330
34793
34695
32966
35569
34838
38843
38009
36770
30643
38011
34674
38963
31100
30352
32217
31563
39798
36388
32940
31456
32132
30315
37621
31605
34781
37892
38004
30149
35626
37202
39164
37578
33253
32462
37616
32032
30411
39419
32370
31404
30798
33409
37020
34860
32433
31351
35042
35864
36946
39406
34106
38670
38087
30789
39765
38052
32146
37813
30381
38356
39593
34521
30895
38713
32048
30869
35945
36792
33398
31579
34023
36745
34722
36403
35542
36871
38384
33355
31514
38844
36083
37246
33851
35386
31966
38920
30925
36293
39953
38528
34450
31243
38383
35184
39251
38689
30209
30631
30082
36368
32084
38002
30563
31645
31497
38036
30506
33423
30187
31866
39557
35290
31860
39454
34442
30434
34082
30550
30016
30234
39305
32908
30564
30806
30416
37327
30202
39722
37576
37025
30857
37314
37290
31638
33278
39049
35374
31050
36465
37456
33242
38795
31185
31153
38368
31854
35394
30158
39986
35094
31746
39027
39043
39954
36961
32935
36507
31527
32937
32342
36835
32304
34663
38147
30570
37997
34140
37133
30477
37915
35988
31491
38782
37168
31487
30499
39530
35333
32060
31757
32129
39051
37782
35275
35298
34863
32216
34822
30099
32092
30602
38669
34211
30317
32915
31565
37028
32830
36918
37281
34468
31777
33451
32463
32961
32987
31223
30319
32432
30035
30086
36571
30140
34611
38705
31187
31569
31774
37337
38725
31463
39299
38815
39152
31807
31708
34482
34987
33346
39599
31622
31017
36257
34559
30906
31236
30471
30640
39556
30695
37583
36498
36251
31786
33214
32010
31354
39955
34444
38405
38250
31816
31865
30884
38932
31422
33309
30034
39877
31009
37624
34203
37793
38792
33289
31220
34607
34231
30697
38592
35895
35611
37818
33838
35009
32175
33827
38349
39035
38394
34087
30507
37402
36890
37985
34481
30247
30265
31883
36921
36773
31319
39141
30469
31683
32387
37622
33311
39641
30793
34723
31490
38375
37948
35941
30333
31962
30786
33418
39053
34604
35185
32422
30008
30045
37805
36816
30372
31053
30204
37593
30284
31250
31893
38773
37030
38530
33990
39642
31742
34915
34151
32240
37911
34296
31812
36546
31189
36901
31402
36783
33913
31697
31177
34787
30435
33894
37489
31359
30368
31091
30379
32043
37787
34979
31013
38249
36941
32959
33785
39461
38208
34176
31240
30058
32265
38598
38115
38801
38519
34706
33994
31678
32107
30662
32250
37131
34718
31835
35281
35301
30439
37731
30376
35956
31169
30309
32067
33783
38358
36302
30862
36894
32320
39022
30260
35550
33279
31398
38597
37943
34422
33368
35251
34649
30395
36832
32062
39020
35282
38961
35472
37734
35410
34174
35520
35863
39756
34465
33792
31159
31596
32373
31363
34275
39972
36742
31180
38472
34804
38465
37617
39196
36754
35243
35306
32970
37729
31279
38444
32456
30993
30642
30608
33225
35024
35933
35729
30371
39675
30184
34993
30555
35875
31882
37732
33902
35903
38091
33773
30777
32939
31257
39676
31892
34293
37629
39550
31910
35884
31857
31796
38200
30543
31445
37823
31642
36148
37205
34435
31401
34239
34656
34809
31875
34516
32360
30173
31896
35021
38679
37894
34664
30426
30791
35634
31932
35474
33327
30524
33372
30392
31247
34137
38026
30758
35012
35100
37615
37586
37494
30745
37038
30551
38678
30205
30123
37410
32283
33795
30060
33318
31800
34719
31230
34609
32085
30230
30264
35847
31306
37966
36948
30655
33825
31725
35076
31465
38877
32013
32544
34014
33030
32967
37653
32955
36999
38767
30332
31399
34173
34276
39410
34711
38938
30174
31304
33310
34652
31738
31762
31911
32152
31431
36000
37940
30196
33915
30492
31559
35566
39568
36543
32285
32206
32255
36045
33320
34279
30850
35605
38301
36739
31477
31572
38226
37584
33021
33764
38110
34146
38403
37765
31479
36457
36447
31965
37279
35181
36971
31328
37148
37998
35155
31060
30672
30420
30766
32179
33407
35277
31926
39281
37143
31181
35659
31104
31575
34590
31732
30089
30167
31048
30809
36575
36441
32928
35532
33854
31985
36267
38083
30638
30353